28 14 53 77 42 19 65 36 91 10
47 82 16 34 59 23 11 75 88 40 67 95 28 53 20
56 89 53 28 59 14 38 77 10 67 20 44 11 82 16 93 34 47 75 72 23 40 26 88 50 68 95 6159 22 54 89 16 41 93 67 38 91 75 86 98 24 85 14 65 53 72 77 46 83 35 40 68 95 11 76 33 10 20 99 32 88 56 49 71 61 31 44 26 87 12 28 90 19 50 70 13 57 97 79 34 55 84 64 36
14 72 53 91 26 39 68 20 45 87 60 98 5 33 79 10 58 43 86 16 76 50 93 27 62 37 71 22 55 84 48 65 31 74 18 89 7 24 69 41 82 11 97 54 30 70 1 47 90 34 80 17 78 56 2 64 36 85 15 75 25 99 29 61 46 83 12 66 19 51 94 4 59 32 67 23 96 40 77 3 57 88 35 81 6 100 28 73 49 95 38 63 92 21 44 9 52 8 42
45 21 76 33 89 14 50 62 30 97 52 86 39 10 28 57 99 44 73 61
81 38 66 25 78 92 50 19 59 74 36 96 49 27 87
31 68 13 79 55 24 77 50 84 39 95 73 29 62 47 89 22 56 18 67 90 35 100 42 58 16 83 51 76 28 45 71 97 33
29 86 42 94 33 56 78 19 70 95 61 40 83 27 66 37 88 52 72 25 59 87 11 99 44 18 30 69 12 74 53 91 24 57 81 22 64 97 16
38 92 54 79 27 71 44 68 20 59 81 32 75 46 88 23 63 15 99 50 84 36 57 17 95
49 88 22 74 41 90 55 82 36 67 19 96 63 29 85 44 70 32 98 18 60 26 77 51 91 35 79 11 72 47 69 30 97 13 78 40 89 25 54 86 31 68 20 73 48 92 38 80 14 65 21 76
26 89 51 73 30 99 48 82 36 70 14 97 59 86 41 78 17 94 43 80 22 66 35 71 9 88 47 75 25 92 39 68 11 93 50 84 32 91 56 74 20 67 28 98 53
61 30 97 52 86 39 10 28 57 99
29 62 47 89 22 56 18 67 90 35 100 42 58 16 83 51 76 28
45 71 97 33 54 76 31 84 63 27 89 48 92 59 19 75 36 88 23 68 41 93 13 81 29 66 56 78 11 85 40 96
43 82 35 64 19 71 54 97 23 79 50 86 33 68 15 92 26 74 49 90 28 65 40 95 21 77 52
39 62 20 91 48 74 35 84 16 53 72 99 26 69 42 80 31 90 57 88 17 45
89 58 74 33 66 17 94 52 78 29 86 48 73 16 91 40 57 83 26 68 23 75 37 99 12 62 21 80 45
83 26 69 42 80 31 90 57 88 17 45 37
16 53 72 99 26 69 42 80 31 90 57 88 17 45 37 89 58 74 33 66 17 94 52 78 29 86 48 73 16 91 40 57 83 26 68 23 75 37
89 58 74 33 66 17 94 52 78 29 86 48 73 16 91 40 57 83 26 68 23 75 37 99
67 18 45 92 29 84 41 99 23 76 51 97 37 69 12 80 27 88 46 72 32 89 55 64 38 93 21 73 50 95 36 81 25 90 47 77 14 83 30 79 53 98 34 87 19 71 44
52 78 29 86 48 73 16 91 40 57 83 26 68 23 75 37 99 12 62 21 80 45 92 38 67 20 59 81
72 99 26 69 42 80 31 90 57 88 17 45 37 89 58 74 33 66 17 94 52
78 29 86 48 73 16 91 40 57 83 26 68 23 75 37 99 12 62 21 80 45 92 38 67 20 59 81 32 45 72 99 26 69 42 80 31 90 57 88 17 45 37 89 58 74
83 26 69 42 80 31 90 57 88 17 45 37 89 58 74 33 66 17 94 52 78 29 86 48 73 16 91 40 57 83 26
90 57 88 17 45 37 89 58 74 33 66 17 94 52 78 29 86 48 73 16 91 40 57 83 26 68 23 75 37 99 12 62 21 80 45 92 38
90 57 88 17 45 37 89 58 74 33 66 17 94 52